0.0000085 0.0004707 0.0031762 0.0009163 0.0018279 0.0010586 0.0000000 0.0014299 0.0035788 0.0001915 0.0007643 0.0047894 0.0083148 0.0029356 0.0039574 0.0000108 0.0006838 0.0022514 0.0042812 0.0043674 0.0000743 0.0003763 0.0008579 0.0000526 0.0007554 0.0011657 0.0001980 0.0000000 0.0000000 0.0000000 0.0000004 0.0008250 0.0166799 0.0022212 
0.0008153 0.0000089 0.0000592 0.0000062 0.0000201 0.0021694 0.0000004 0.0000050 0.0000008 0.0006792 0.0000000 0.0001756 0.0007380 0.0000495 0.0002491 0.0019660 0.0000000 0.0010497 0.0001137 0.0000046 0.0011367 0.0000000 0.0000464 0.0000031 0.0000178 0.0000050 0.0001864 0.0001079 0.0038491 0.0000379 0.0000004 0.0000039 0.0002978 0.0005098 
0.0056364 0.0000085 0.0000317 0.0001052 0.0005071 0.0047789 0.0000000 0.0000004 0.0004703 0.0030110 0.0000000 0.0001269 0.0008973 0.0001141 0.0014164 0.0065407 0.0003268 0.0005214 0.0033425 0.0001918 0.0006157 0.0000000 0.0000480 0.0000135 0.0000716 0.0008815 0.0000108 0.0000097 0.0027704 0.0001497 0.0000004 0.0000000 0.0057203 0.0001566 
0.0010041 0.0000000 0.0000228 0.0000000 0.0010122 0.0006034 0.0000000 0.0000000 0.0000008 0.0006266 0.0000000 0.0000627 0.0015962 0.0000128 0.0002386 0.0086084 0.0000000 0.0009155 0.0000282 0.0000077 0.0005283 0.0000000 0.0000000 0.0000000 0.0000259 0.0000070 0.0000000 0.0000000 0.0000008 0.0000000 0.0000000 0.0000027 0.0008946 0.0000000 
0.0046610 0.0000220 0.0007380 0.0000054 0.0000244 0.0043075 0.0000004 0.0000128 0.0000043 0.0022932 0.0000000 0.0002092 0.0006331 0.0000897 0.0017242 0.0037285 0.0000735 0.0017552 0.0002773 0.0002344 0.0015858 0.0000035 0.0000596 0.0002178 0.0000383 0.0000951 0.0000004 0.0000982 0.0005527 0.0006266 0.0000008 0.0000472 0.0009066 0.0003493 
0.0000217 0.0012752 0.0016724 0.0032864 0.0026389 0.0015935 0.0000008 0.0008799 0.0012504 0.0001474 0.0023404 0.0010930 0.0055985 0.0040247 0.0070957 0.0002684 0.0010474 0.0061647 0.0038170 0.0045244 0.0000909 0.0000093 0.0007770 0.0003090 0.0010714 0.0008126 0.0007198 0.0000000 0.0000000 0.0000000 0.0000000 0.0002854 0.0175745 0.0003473 
0.0000000 0.0000000 0.0000004 0.0000008 0.0000000 0.0000000 0.0000000 0.0000008 0.0000008 0.0000000 0.0000000 0.0000000 0.0000008 0.0000012 0.0000000 0.0000000 0.0000000 0.0000046 0.0000000 0.0000190 0.0000000 0.0000000 0.0000000 0.0000000 0.0000000 0.0000000 0.0000000 0.0000000 0.0000000 0.0000000 0.0000000 0.0000000 0.0003438 0.0000000 
0.0012841 0.0000480 0.0000000 0.0000112 0.0007368 0.0041586 0.0000000 0.0000116 0.0000000 0.0012802 0.0000000 0.0000630 0.0000139 0.0000054 0.0008954 0.0000325 0.0000000 0.0000023 0.0000155 0.0000089 0.0001926 0.0000000 0.0000000 0.0000000 0.0000344 0.0000000 0.0000000 0.0000000 0.0000000 0.0000344 0.0000004 0.0000209 0.0003462 0.0000000 
0.0050675 0.0001176 0.0008304 0.0004092 0.0006776 0.0002363 0.0000000 0.0001195 0.0000588 0.0003338 0.0000004 0.0001106 0.0002123 0.0002359 0.0017033 0.0004545 0.0000232 0.0001841 0.0000681 0.0000089 0.0002618 0.0000000 0.0000000 0.0000031 0.0000162 0.0000054 0.0000000 0.0000178 0.0004007 0.0010656 0.0000000 0.0001284 0.0011978 0.0005152 
0.0000619 0.0004927 0.0023465 0.0004224 0.0015610 0.0020100 0.0000000 0.0002762 0.0017637 0.0005484 0.0011259 0.0015428 0.0050064 0.0025724 0.0031135 0.0002522 0.0004405 0.0004792 0.0024119 0.0037184 0.0000070 0.0000317 0.0014361 0.0009429 0.0013448 0.0004545 0.0001350 0.0000000 0.0000000 0.0000004 0.0000000 0.0002704 0.0176863 0.0012756 
0.0000004 0.0000046 0.0000004 0.0000008 0.0001976 0.0000054 0.0000000 0.0000000 0.0000019 0.0000000 0.0000012 0.0000654 0.0000766 0.0000364 0.0004057 0.0000077 0.0000004 0.0000143 0.0004916 0.0003280 0.0000000 0.0000008 0.0000000 0.0000476 0.0001203 0.0001462 0.0000004 0.0000000 0.0000000 0.0000000 0.0000000 0.0000004 0.0069402 0.0000000 
0.0066923 0.0000043 0.0001806 0.0000023 0.0000197 0.0004606 0.0000008 0.0000139 0.0000073 0.0021040 0.0000000 0.0000101 0.0003964 0.0000043 0.0020557 0.0079126 0.0000015 0.0015142 0.0002000 0.0004398 0.0012176 0.0000000 0.0000019 0.0000112 0.0000077 0.0000046 0.0000000 0.0000000 0.0000000 0.0000101 0.0000000 0.0000050 0.0046339 0.0000000 
0.0064123 0.0000294 0.0000170 0.0001632 0.0001102 0.0036353 0.0000031 0.0003245 0.0000112 0.0061698 0.0000000 0.0004278 0.0001106 0.0000058 0.0002433 0.0055107 0.0000665 0.0000012 0.0013626 0.0000464 0.0012489 0.0000050 0.0000000 0.0000004 0.0002031 0.0000054 0.0000023 0.0000000 0.0009000 0.0034786 0.0000008 0.0009723 0.0073142 0.0015935 
0.0025237 0.0000162 0.0000004 0.0000572 0.0000019 0.0033970 0.0000000 0.0000000 0.0000015 0.0027380 0.0000004 0.0000646 0.0000963 0.0000232 0.0014786 0.0035285 0.0001427 0.0000627 0.0001199 0.0000866 0.0022843 0.0000035 0.0000004 0.0000143 0.0000375 0.0000019 0.0000077 0.0000000 0.0007469 0.0000468 0.0000004 0.0000155 0.0075146 0.0003852 
0.0102622 0.0000070 0.0000112 0.0000746 0.0006765 0.0099458 0.0000000 0.0000108 0.0000170 0.0069066 0.0000000 0.0002580 0.0000015 0.0000012 0.0025798 0.0092001 0.0000039 0.0000712 0.0003883 0.0003856 0.0023268 0.0000286 0.0000058 0.0003048 0.0002533 0.0000228 0.0001114 0.0000000 0.0027155 0.0010768 0.0000008 0.0001555 0.0038867 0.0032299 
0.0000027 0.0031731 0.0073757 0.0046266 0.0042645 0.0021435 0.0000000 0.0020104 0.0008552 0.0007457 0.0031700 0.0016349 0.0057845 0.0050214 0.0060781 0.0001698 0.0011677 0.0053200 0.0060951 0.0065024 0.0000793 0.0003083 0.0004722 0.0001110 0.0018778 0.0010114 0.0001601 0.0000000 0.0000000 0.0000000 0.0000205 0.0005821 0.0226501 0.0005802 
0.0011561 0.0000000 0.0000000 0.0000039 0.0000000 0.0022556 0.0000000 0.0000000 0.0000000 0.0007677 0.0000000 0.0000623 0.0005187 0.0000000 0.0000816 0.0084707 0.0002796 0.0063438 0.0000151 0.0000913 0.0005898 0.0000012 0.0000000 0.0000070 0.0000170 0.0000058 0.0000012 0.0000000 0.0001949 0.0004104 0.0000008 0.0000015 0.0000348 0.0004115 
0.0073069 0.0001412 0.0003284 0.0002259 0.0005353 0.0054210 0.0000000 0.0002862 0.0000406 0.0047051 0.0000000 0.0002023 0.0000603 0.0001768 0.0005902 0.0066362 0.0000727 0.0000453 0.0001543 0.0004738 0.0025163 0.0000414 0.0000808 0.0000379 0.0000685 0.0002580 0.0000364 0.0000000 0.0012152 0.0009112 0.0000008 0.0001760 0.0009306 0.0009515 
0.0016097 0.0000503 0.0015494 0.0000170 0.0002452 0.0035742 0.0003612 0.0000182 0.0000217 0.0013777 0.0000000 0.0038886 0.0025542 0.0010524 0.0008234 0.0025593 0.0016917 0.0001710 0.0006811 0.0101326 0.0006351 0.0000104 0.0001779 0.0000290 0.0003918 0.0000955 0.0000000 0.0000166 0.0002870 0.0031503 0.0000004 0.0001682 0.0033301 0.0033100 
0.0057060 0.0000174 0.0022382 0.0000070 0.0001017 0.0048981 0.0000039 0.0000008 0.0000066 0.0033738 0.0000000 0.0003670 0.0002688 0.0000244 0.0008826 0.0139969 0.0000731 0.0024997 0.0009101 0.0000851 0.0014028 0.0000058 0.0000108 0.0000986 0.0002150 0.0000062 0.0000201 0.0000251 0.0013231 0.0058851 0.0000023 0.0000503 0.0049402 0.0004649 
0.0000255 0.0005202 0.0007662 0.0012922 0.0016801 0.0001702 0.0000000 0.0014113 0.0004405 0.0000124 0.0001044 0.0007105 0.0011874 0.0011329 0.0002135 0.0000070 0.0005330 0.0005279 0.0010884 0.0013978 0.0000027 0.0000097 0.0003222 0.0000046 0.0007453 0.0006594 0.0002266 0.0000000 0.0000000 0.0000000 0.0000213 0.0008459 0.0063914 0.0000433 
0.0001814 0.0000000 0.0000000 0.0000000 0.0000000 0.0002216 0.0000000 0.0000000 0.0000000 0.0004920 0.0000000 0.0000027 0.0000364 0.0000027 0.0000066 0.0000696 0.0000000 0.0002000 0.0000043 0.0000112 0.0000607 0.0000077 0.0000000 0.0000000 0.0000000 0.0000000 0.0000000 0.0000000 0.0000073 0.0001156 0.0000004 0.0000004 0.0001292 0.0000004 
0.0006815 0.0000000 0.0001652 0.0000000 0.0000000 0.0000495 0.0000000 0.0000000 0.0000000 0.0001284 0.0000000 0.0000004 0.0000754 0.0000553 0.0001234 0.0022073 0.0000004 0.0000704 0.0000395 0.0000186 0.0000982 0.0000000 0.0000004 0.0000000 0.0000004 0.0000027 0.0000000 0.0000008 0.0000000 0.0000000 0.0000000 0.0000000 0.0029081 0.0000000 
0.0005763 0.0000000 0.0000209 0.0000070 0.0000012 0.0007527 0.0000000 0.0000004 0.0000000 0.0001443 0.0000000 0.0000982 0.0000012 0.0000015 0.0000066 0.0002978 0.0000000 0.0000000 0.0000004 0.0000023 0.0002580 0.0000000 0.0000000 0.0000000 0.0000000 0.0000000 0.0000000 0.0000000 0.0001586 0.0000000 0.0000000 0.0000000 0.0003318 0.0000000 
0.0023895 0.0000000 0.0000027 0.0000000 0.0000000 0.0034496 0.0000000 0.0000000 0.0000000 0.0014496 0.0000000 0.0002355 0.0000387 0.0000015 0.0006444 0.0000685 0.0000000 0.0001508 0.0000004 0.0040348 0.0006467 0.0000000 0.0000000 0.0000000 0.0000004 0.0001149 0.0000000 0.0000000 0.0000000 0.0001860 0.0000004 0.0000000 0.0003199 0.0000000 
0.0012152 0.0000000 0.0000348 0.0000000 0.0000000 0.0021091 0.0000000 0.0000000 0.0000000 0.0015773 0.0000000 0.0004877 0.0004769 0.0000166 0.0003609 0.0002673 0.0000309 0.0000058 0.0000004 0.0000627 0.0003102 0.0000000 0.0000000 0.0000012 0.0000000 0.0000023 0.0000000 0.0000000 0.0000000 0.0003872 0.0000015 0.0000004 0.0001006 0.0000000 
0.0003230 0.0000000 0.0000000 0.0000000 0.0000000 0.0013320 0.0000000 0.0000000 0.0000000 0.0005689 0.0000000 0.0000000 0.0000000 0.0000000 0.0000340 0.0000004 0.0000000 0.0000027 0.0000000 0.0000000 0.0000901 0.0000000 0.0000000 0.0000000 0.0000000 0.0000000 0.0000000 0.0000000 0.0000000 0.0000190 0.0000004 0.0000000 0.0000398 0.0000000 
0.0000000 0.0000000 0.0000000 0.0000000 0.0000000 0.0001156 0.0000008 0.0000000 0.0000000 0.0000004 0.0000000 0.0000000 0.0000000 0.0000000 0.0000000 0.0000000 0.0000000 0.0000000 0.0000000 0.0000000 0.0000000 0.0000000 0.0000000 0.0000000 0.0000000 0.0000000 0.0000000 0.0000000 0.0000000 0.0000000 0.0000000 0.0000507 0.0000004 0.0001087 
0.0000000 0.0003148 0.0008911 0.0000897 0.0001327 0.0007635 0.0000000 0.0000217 0.0000483 0.0000101 0.0013324 0.0001926 0.0020951 0.0012176 0.0002847 0.0000004 0.0000955 0.0002386 0.0007128 0.0007217 0.0000027 0.0000000 0.0008695 0.0000170 0.0002046 0.0004869 0.0000530 0.0000000 0.0000000 0.0000000 0.0000000 0.0000000 0.0043241 0.0000015 
0.0000039 0.0001149 0.0000151 0.0000588 0.0000425 0.0008923 0.0000004 0.0000000 0.0001245 0.0001214 0.0000012 0.0011336 0.0000000 0.0002978 0.0011271 0.0000174 0.0000008 0.0000000 0.0008617 0.0001505 0.0000000 0.0000043 0.0000004 0.0000716 0.0000576 0.0004003 0.0000077 0.0000000 0.0000000 0.0000000 0.0000019 0.0003620 0.0112682 0.0004541 
0.0000000 0.0000000 0.0000019 0.0000081 0.0000054 0.0000000 0.0000000 0.0000000 0.0000019 0.0000000 0.0000085 0.0000464 0.0000607 0.0000054 0.0000193 0.0000000 0.0000089 0.0000139 0.0000232 0.0024985 0.0000000 0.0000058 0.0000104 0.0000004 0.0000000 0.0000043 0.0000000 0.0000000 0.0000000 0.0000000 0.0000031 0.0000000 0.0000139 0.0000000 
0.0000004 0.0004498 0.0000004 0.0000008 0.0003055 0.0000012 0.0000000 0.0000101 0.0000132 0.0000004 0.0000000 0.0000104 0.0000360 0.0000282 0.0000441 0.0000000 0.0000031 0.0000464 0.0001621 0.0003090 0.0000000 0.0000004 0.0000043 0.0000132 0.0000890 0.0000839 0.0002963 0.0000000 0.0000000 0.0000000 0.0000000 0.0000336 0.0032137 0.0000000 
0.0025918 0.0070098 0.0157536 0.0042819 0.0074535 0.0041454 0.0000004 0.0020541 0.0041578 0.0112137 0.0000170 0.0097114 0.0026474 0.0059207 0.0158746 0.0112044 0.0149348 0.0039660 0.0156491 0.0076333 0.0042305 0.0006958 0.0012910 0.0002905 0.0059191 0.0007008 0.0000816 0.0000004 0.0000004 0.0000004 0.0026823 0.0000402 0.0056244 0.0022777 
0.0000000 0.0000162 0.0002448 0.0001191 0.0005960 0.0000828 0.0000000 0.0002978 0.0015861 0.0000124 0.0000282 0.0001288 0.0008408 0.0003311 0.0005682 0.0000000 0.0000197 0.0000329 0.0006656 0.0014140 0.0000000 0.0000004 0.0001528 0.0000569 0.0001501 0.0000085 0.0001551 0.0000000 0.0000000 0.0000000 0.0000000 0.0001114 0.0115675 0.0001257 
